15631,16212,11657,15370,14085,6581,13433,6101,14665,14491,18211.5,7441,8777,11154,18437.5,14567,8382,15422,18665,11568,10430,17915,17128,19142,19057,15107,10001,4411,12797.5,16773,18481,8564.5,11883,5365,8996,10349,15644,18375,8773
10308,19345,13251,14465,11277,18499,3210,7556,19077,11267,17956,18550.5,10178,10716,16019,13884,17903.5,8039,11298,17145,26499.0,18708,9564,11665,15226,18230,10762,7088,17937,8578,18277,17160,23715.0,13110,13587,15928,3070,4316,3558,6289,17585,18661.0,12067,10034,17763,12699,3555,15972,6779,3695,7046,4950,13094,7179,19048
9717,14380,19108,11182,8196,17002,14747,11830,10328,15239,23866.5,17255,9114,15140,18791,15996,17102,17994,18655,4995,19522,13226,9517,5426,13271,15802,4267,3709,10498,19591,3195,8938,5975,4990
11445,9273,12766,3467,8953,9450,9434,15129,9382,6495,18180,4502,19230,11340,18796,22623.0,7654,11529,13980,6612,12983.5,12743,7875,11744,19438.5,15389,12163,12621,10660,8864,12134.5,6541,14992.0,16902,11050,12016.0,14798,4519,13637,16030,10065,7058,3630,7052,5365
13753,14313,3962,9313,5783,16878,8195,11285,6554,6408,11717,16299,3826,3836,5824,10222,7750,8802,11982,6392.0,11576,16870,6474,4335.0,7332,9186.0,3708,3536,8516.0,9960,7640,18276,8975,4053,16905,15502,17924,6710,18771,3542,14053,7245,18752,15608,8985,17259,8653,12616,4544
10251,9040,15933,13848,12518,5583,6316,18660,18290,16835,10465,10106,16250,16368,16729,18096,13595,16015,4893,17931,18030.0,18430,15490,5435,6846,8296,16556,10987,13930,9410,11564,9436,13273,12775,11474,17053,19836,16018,8185,14099,17360.5,6523,16189,7985,16519,10964
10720,9916,12177,18612,5690,10524,16743,18311,18700,15320,3605,9840,12888,7038,16619.0,19162,10270.0,15410,13113,17306,6565,9473,4119,13367,7629,7202,10916,18246,16983
10864,16516,8002,6441,14089,3525,3078,14831,16974,22771.0,11594,6983,18780,7302,19878,21212.0,11281,6716,13585.0,13738,14221,16660,4605,13416,18376,17530,18289,6834,17938,9610,10105,13404,18436,5736,8706,10985,7073,19343,19607,5539,15002,11015,15624
15486,10658,8454,5439,9289,6104,3817,3846,3203,16913,13145,18054,13744,8559,11533,18980,19169,12863,19691,24917.0,10452,10689,3392,19367,12975,7126,15029,8597,9208,7504,8411,7529,6033,9120,3121,15805,12763,14374
11021,12035,7898,6025,6812,3014,3152,16439,16598,3541,10833,12417,19744,26921.0,14354,4561,3958,10018,15622,286611412,17463,8791,13396,16128,10732,15026,9022,18349,10595,16530,19722,18935,24880.0,11890,6005,12356.5,12703,13834.5,7152,15658.5,17013,19617.0,5208,8775,12948.0,8346,19815,12588,20394.5,15613,15611,7641,14088,10357,5888,11161,3668
5413,7583,14617,12936,17528,7280,14843,3378,13344,11538,3564,12108,9758,19356,27425.0,16138,12158,9500,8109,9594,13498,11333,7019,5041,13840.5,17599,15302,18317,16723,7834,12556,16545
7585,8650,18977,13609,14984,15032,12903,16094,17704,21113.0,6818,2745,9071,6849,10445.5,17315,13106,17894,10084,9632,11488,8662,9397
13133,7740,10956,7613,9794,2880,8386,18252,19520,6267,13345,19154.5,11619,10997,15224,14351,3126,12117,6871,15047,8352,3204,5137,12593.0,14912,8588,4133,14338,4063,19833,11538,18913,10448,8885,13766,19530,15399,8078,16280,7985,15373,8266,15824,8888,16642,18385,10405,12592,5614,14003,12618,5998,9086.5,6177,18106,13813,3261,9180
17195,4815,14493,7595,17548,13442,4700,11642,8886,14785,16201,20680.5,8959,18309,17932,18989,14455,5766,5765.5,10310,16966,8192,10348,16835,12094,15236,8102,17006,5034,11334,19504,12151,10227,13186,10776,10957,17304,69294798,9608,3346,16780,13084,7557,6905,9228,2867,18559,4374,9354,5445,14028,6418,7986,12585.5,9199,10047,16616,3771.5,7167,13444,17859,24733.0,13748,17306,19111,19888,25441.0,11106,4259,3541,13377,14955.0,3156,7958.5,9605,19902,18584,17638,2731,11880,7870,8694.0,15212,15203,11005,12279,12764,17771,13030,4283,13480,12695
16378,14054,3848,9363,7899,16647,18692,11995,14952,18552,6123,7016,17069,12397,4494,11318,8566,10487,12789,10957,17086,18424,18319,8249,12729,13512,13207,9473,14091,9151,14985,18980,3851,11562,11786
13705,19447,7792,7231,10071,19402,8716,6364,6148,8566,13993.0,10854,16932,11444,5297,15047,19908,28230.0,16644,3407,7078,3091,18671,16702,9477,6283,17477,16694,9185,10995,9328,8538,14806,4418,19688,9917,12013,3849,15245,17920,9696,5604,17936,18509,12129,16815,6700,11699,8226,9716,4610,12245,8263,6910,12625,11456
11021,17974,2812,10268,19231,3629,15593,8408,18371,13517,14048,3970,4487.5,15844,7130,16400,17504,18423,9738,19789,11077,16638.0,11122,15919,10473,17028.0,13110,4827,6724,6076,8952.0,5752,15783,12140,13412,12228,11648,4762,16778,17331.5,7870,16887,17360,15794,10023,9085,9239.0,17308,6100,6084,3871,7882,16015,11016,14942,6982,13508,19089,19703,12834
4202,10049,13496,8240,19477,19993,13620,10068,5158,5048,9450.0,8804,16086,2951,5253.0,8712,8679,7523,4487,11392,2776,12748,8870,6841,9358,11362,8437,9173,15267,12742,20253.0,15022,4846,10090,4863,10071,18369,13867,8162,5326,7447,12309,17605,15404,15053,16988,10728,7013,10343,14420,12091,15694,17109,8372,7973,18194,14313,9097,16006,9480,13717,11160,14591,11205,8032,5546
8509,9320,19912,12065,9177,10906,16195,14227,6525,16855,8853,2820,6531,17825,15649,5480,5821,2810,3698,10163.5,19379,14017,13780,17141,17008,15909,11093,9014,3119,9946,13195,19436,19162,16144,18447,14963,7496,16469,14160,17342.5,6365,7601,3889,8378.0,8978,3333,18254,14968,8199,13119,19915,15823
17701,13131,7043,13213,5588,14335,5411,4727,15347,3104.0,5654,16881,15927,8330,17789,25862.0,16146,13499,17343,16049,5020,18313,8135,9852,12036,151239135,19609,16457,4681,13063,6538,10520,10565,13034,8564,2808,2736,10281,8636,16161,2727,11530,4497,8039,13159,5341,14068,12755,4439,12221,17528.5,10615,6554,5511,3756,13529,17189,8737,9117,4192,17617,14796,16823.0,4054,18401,7747,6233,9565,14207,17795,4899,7030,5449
3771,18940,13517,18136,12243,17983,17224,8667,6862,5725,5792,11067.5,10551,7410,14015,19249,5033,17021,10907,3352,4477,12441.5,15929,17872,10205,18656,11889,13571,5118,8660,18452.0,19584,4228,11299,5436,13705,14367.0,7751,3563,19470,19067,13726,19261,11267,11072,16419.5,10695,14207,4967,8526,5685,3900,13060,20057.0,13994,13053,13471,7693,7856,6872,12100,17289
19067,14486,18192,16652,19029,9158,14040,18123,3358,19706,4015,9405,19534,29070.5,19073,14001,8165,4038,17239,10542,13895.5,6707,10866,17512,9256,9158,14747,9670,8898,5064,7515,9698
19241,7061,18445,18185,13441,19770,15403,6367,3604,11458,11672.5,14599,8124,5977,18253,18504,19310,15227,15840,5041,18965,9948,18180,16723,11103,18737,9425,11111,18005,13834,12227,12267,17080,5867,12100,19900,26175.0,12550,6922,12409,3247.0,5016,7960,16609,9046,17592,26423.0,17662,5801,7950,17870,16195,13446,10394,6762,16651,6193,19851,11190,16037,15027,5560,9177
9044,16843,13829,12100,6827,13368,5483,7453,17546,15304,11082,19765.5,17367,10461,15747,8452,12956,6165,12105,14279,18283,5578,14064,4778,9055,11904,14233,8365,12978.5,9227,8485,3365,5378,16252,9956,7564,17888,17758,15996,16739,22950.5,12423,18562,6793,11855,18965,4906,8662
19673,9882,17571,3947,7019,12144,10419,13679,13347,4526,10425,19204,4565,4878.0,3731,12765,3518,8383,18062,9206,17177,11057,19751.5,17389,3915,11115,12639.0,3048,9569,18249,13068,6358
8769,11284,10281,14525,7193,6431,8603,18847,7574,15676,16211,21351.0,10280,16147,18346,8545,9460,17450,7992,16417
8992,18040,15711,6312,15426,15338,8311,8674,13129,3021,12300,18979,6605,14445.5,15681,11644,9910,12180,3294,3312,3770,9347,2947,12663,3117,7611,11047.0,6872,16868,16548,7560,3736,9475
10626,6824,10544,13750,15695,12012,18318,14812,11299,19571,23928.0,8714,10088,8814,4492,6098,9321,17731,18997,12871,15673.5,5605,12163,6412,14170,17306,13610,16175.5,5131,9185,9198,2770,9499,14217,8580,19854,9073,7012,6030,12274,3370,7236.5,7733,10668,14720,11671,15137.5,6933,12921,17173,18059,11319,11497,19541,5867,9598,14242
16439,18811,17402,10719,12348,8564,11519,8208,10442,16697,19065,19810,9101,16044,4264,7192,17159,15571,13425,6793,16506.0,19426,3012,9908,8187,11401.5,6429,17931,9054,9392,5307,15852,22393.5,13083,13130,7346,4997,19981,9098,9345.5,3379,17825,4964,14100
10470,19933,17771,16052,5738,11265,12307,18354,6758,12779,16855,12675,15520,16508,18040,10555,8551,10175,13343,15388,18187.5,5599,4354,12985,5505,19202,25070.5,11737,8900,9705,13298,16110.5,5625,3192,17912,3083,10551,10800,15105,17685,8104,6043,17601,19837,15181,7637,15816,18723,8577,12382,10366,4736,17882,19899,6869,13983,4544,16851,14415,5360
10291,16852,15335,12143,17404,19582,14143,12977,6466,11056,18840,10444,4701,2814,19529,3510,9815,15540,18737,3102
4813,13609,16249,5805,6822,12600,8676,11915,4231,10696,19047,4580,12201,16898.5,9395,14382,16419,13836,13896,14910,4161,17717,9289,14268,19894,6488,19192,14598,12407,18308,17308,7610
9920,4561,10287,4952,13656,14595,15939,17286,10765,15856,14819,15217.0,13326,5642,5302,8106,11292,18592,644416271,11063,19888,12638,16261,2926,9723,2963,16072,19273,14038,14448.0,12707,16263,16063,12987,4681,5992,10495.0,9006,6796,11077,18042,12809,11938,16818,10791,15776,19436,12182,3931,6061,18373,9713,14490,5246,17848,22856.5,10017,10451,15126,4547,10975,17558,16174
9465,12199,4233,8858,10392,12317,8960,3369,12040,8898,18507,19336,13135,13546,15550,20107.5,9115,7513,19611,7985,3295,13102,17580,3889,3711,13839,3895,5429,6373,19189,12673,16361,19268,3494,13524,4035,13677,3835,17239,18639,15337,22451.0,14228,10856,18014,8587,15534,3198,5890,15555,16552.0,8667,17930,6704,6444,9946.5,7005,17538,5495,5335,8218,11122,10907,5006,12777.0,15542,8802,13212.5,8821,11733,17735,10905,18955,10248
4722,15636,11650,15307,18401,8154,10327,14819,14210,14390,7623,17159,7558,12464,17747,5767,19628,28274.5,17293,6264,12314,13070,11897,18956,15076,9897,18654,16483,18168.0,3370,14128,14436,9876,17809,16936,11159,3671,6838,5745,10621,6763,5708,13425,12677,9597,3043,7186,8268,19364
17839,14486,19143,7314,12168,6723,3620,9255,15130,17593,6029,10942,3308,9746,8425,10027,14671,8081,5015,2963,17363,14634,18041,3276,15421,19879,9202,12273,8535
3038,17326,13690,13433,7601,17032,16438,19388,5219,8339,14011,15341,17788,10588,11620,8294,13438.5,10289,13681,14842,9223,18134,13754,16495,10154,4489,8392,16908
5309,11382,2717,3440,19595,16172,13191,10152,3627,17244,10935,15997,16012,4072,10463,9533,15271,15551,7820,6268,12768,7429,5010
18850,6201,5488,15717,11799,3466,6788,18539,7461,13174,7745,3850,5581,14805,16909,4642,16567,12244,12161,15605,4264,9425.5,10323,9169,19787,8782,13092,4313,6464,18171,17128,16861,21668.5,9615,11255,9453,11710,8936,9587,11265,5840,8485,16228,17326,7387,11998,8040,15766,9774,17296,15200,23532.5,16665,17615,15242,18688.5,6893,14539,13142,8996,12278,11827,13965,7944
5274,4607,9994,11068,9463,14514,4562,15178,16418,19241,7788,14013,19426,2802,19933,13560,5080,6195,9130,13110,18554.5,10889,16889.0,12000,18023,8428,15435,14016,3300,10529,5749,15579.0,19660,3251,12490,14053,6855,4645,18781,3137,14015,2801
10643,8396,17482,8682,10396,19856,17568,14453,7171,10458,8870,9314,8933,6895,18107,7025,2830,18676,12979,17683,10944,5533,6904,6414,7040,7960.5,4000,132664651,4815,17190,19665,2873,13764,6518,17920,19740,9877,11044,13409,12486,18209,10839,17114,16411,8488,4138,9532,9318,19762
3143,4994,18950,5595,19411,6340,9931,7332,12432,12872,8756,19931,8371,5235,7424,7394,18712,18288,11788,6836,12192,18402,12297,3551,14975
8942,8126,2794,3106,18890,15353,9449,14074,6655,3216,9788,4653,16354,15920,17312,8050,5894,8214,10399.5,4371,19869,16776,9678,13412,9930,17751,10231,11079,15250,16174,7295,5595,11578,5249,18561,6233,18255,26671.0,16832,10340,12830,13180,14099.0,18630,23830.0,10400,19731,17820,16251,13923
10128,15722,15042,8506,14209,13950,3198,4683,10768,16984,11962,15490,19553.0,8126,10649,5142,11319,13693,19260.0,11134,13408,3246,12619,7876,13499,5678,4178,14424,4826.5,9409,7940,15203,10483,16532,13910,5823,11801.5,11957,10472,4337,10160,12115.0,3910,10630,13003,3665
9538,19622,10589,6575,4862,13990,3803,8438,9920,3278,14104,17862,5548,6601,15411,16787,16943,22002.5,10119,12969,17980,10091,3246,5821,17480,11018,13565,4609,5784,7314,19788,19676,28433.5,17515,19314,13699,3947,3483,17200,18737,8062,3087,4630.0,3086,19255,3543,3860,19768,12323,14879,9859,18450,24332.5,11765,17888,13740,16677,17236
11837,13540,15945,15993,12906,6162,8454,15335,16545,3722,10575,14515.5,7881,16778,3151,3067
16251,12155,16965,7847,19830,18335,17817,6662,2731,17662,11887,5363,9425,7606,5454,19441,13734,5749,15371
11401,17313,15788,6690,18373,17933,2816,5990,18028,11654,11617,19386.5,15539,13523,9204,16369,15074,14671,3948,18329,9754,7462,9596,15675,9249,6120,10864,11762.5,6189.5,8785,3232,18204,7846,18713,10796,19541.5,17491,18654.5,16311,6345,5418,10528.0,10220,5255,3761,3007,14359,5856,18233,11669,10411,13775,11574,14650,19050,789519472,12597,5408,10697,15103,14949,14465,17792,5306,16000,10790,4697,5308,14318,14003,16135.5,4265,16233,12841,4638,8843,18381.0,19076,14573,11068,18561,17377,19783,11925,19785,6733,12485.5,11505,5359,13499.0,16280,3158,14607,20815.5,12417,6349,15429,16479,13727,15731,22844.5,14227,9260,5836,7334.0,2996,17202,6216,5540,8764,19224,17333,7012,19587,15125,3144,18054,3781
15908,19052,5684,6935,12128,3770,4885,7526,19180,19577,18715,3930.0,2874,10682,11461,10010,16627,3241,11551.5,16621,5639,17686,11476,14145,14879,17246,13471,9314,3491,19534,5595,3324,8278.5,11265,4241,7976,16884,18018,18399,13337,17876,13143,10419,11219,12681,12965,9603,12219,10814,10639,7140,14228,11562,19681,3614,3799,8980
6105,4539,11078,3686,19823,8225,14167,7169,16222,2905,7702,5717,12662,10371,7474,7814,7186,15513,4511,2977,2919,19881,6086,12659,15494,8721,4249,11582.0,14666,4716,8717.5,8003,15025,9484,17232.5,15497,9862,3570,18818,13466,6719,11097.0,8756,19144,12426,8520,15248,2898,11868,14351.5,4967,13583,19359,19828,10136,8674,3895,9390,3189.0,4519.0,6606,13596,4603,15762,12863,6624,7715
15351,3405,17117,9453,18305,17219,18478,4091,14837,19895,12187,13180.0,18952,15086,7429,4260,5203,9347.5,8289,16592,15348,4402,18068,14258,4769,13133,18565,17926,10750,13877,19561,19264,17509,12481,15497,16720,7069,19901,27731.0,15660,9361,15293,5184,10359,11650,15085,10765,15124,18303
15230,12992,10186,3192,15389,14485,15696,8861,8941,5406,18843,4826,10085,5461,19351,9772,9018,6615,14975.0,16720,16256,12341,7412,13444,12051,18622
3559,5829,8318,2706,8261,5667,17209,3075,14247,2850,14843,13563,17449,8636,7470,11140,4411,10625,11099,11755,15633,15145,14828,9219,10284,17990,22603.5,9227,7387,8555,5958,10512.0,9108,11929,18417.5,12977,3719,3131,4679,8160,8120,5459,16620,18498,7298,17241,11917,11902,17012.5,10221,16126,3837,8685,12568,14787
10620,6953,17674,13910,7992,19973,19052,9471,17963,12275,16606,13764,7318,7207,7857,15886.0,16058,19293,14414,18823,11355,11054,12498,20474.0,15952,4401,18907,3714,19797
3914,18790,17157,7011,5546,9740,12108,19237,10140,3061,6856,6972.0,12487,5590,3887,11051,4919,9691,13328,15455.0,4254,5609,18241,5166,6997,14963,8324,16962,12115,16620,12703,14308,12164,14724.0,5120,16251,17854,17023,5968,17404,8205
15351,13526,5393,9743,13567,15526,12492,9870,3915,16701,12406,7657,5587,15096,17973,10037,9512,12921.5,6819,17733,4920,9241,8768,5675,8904,16925,6421,19060,13477,14305,18019,16030,14238,14124,17280,16201,3909,6537,5970,19298,9230,9915,6200,13507,9604,7816,17128,20560.5,6865,6214,18063,3793,3118,9814
2734,15273,15617,14502,5260,3550,13368,6330,8530,15931,4703,9290.0,9174,14308,19631,29250.5,19239,8683,7153,10398,6976,19838,15616,8837,13935,13444,11786,9510,14731,5089,6706,13834,16538.0,5408,3326,6898,15586,9511,14439,8740,2906
8617,11856,18158,10896,19308,11026,11878,3208,5165,8399,17136,4944,19099,3807,6739,12904,11804,17897,9567,19300,8141,16174,5880,9088,3729,8616,8251,11962,9373,18575,14626,9396,4873,19513,5863
14923,17140,13499,19563,7832,7117,14791,17083,7990,13058,6020.5,11493,6829,4360,7966,19549,19681,13971,21088.5,14235,7477,18582,13348,12983,7627,17754,5497,18153,14169,4274,11362.5,14177,2930,7423,8757.0,13513,15074,14911,9263,19208.0,19890,17153,10104,16437,13169,10479,17267,24425.0,14316,10569,15351,8576
7352,6158,19278,11209,5739,7502,10570,4857,2825,10388,10910.5,18527,5428,4902,7292,14643,3115,18805,19690,8109,18871,10558,9368,2934,14903,18385,19084,12053,19027,8302
